-3675.0
4070.0
2167.5
-352.5
152.5
-4570.0
-637.5
-3942.5
4182.5
-40.0
485.0
-482.5
2695.0
592.5
-1885.0
2657.5
2830.0
2800.0
417.5
4237.5
735.0
1122.5
375.0
2775.0
72.5
1960.0
-1520.0
-5577.5
-1860.0
-660.0
-2390.0
-370.0
-3262.5
-235.0
-752.5
1225.0
1625.0
1080.0
2560.0
375.0
1582.5
2065.0
2492.5
3365.0
-630.0
1362.5
712.5
-120.0
1002.5
-1882.5
880.0
-855.0
-2572.5
-685.0
1405.0
-1950.0
1745.0
-325.0
2430.0
-920.0
745.0
-1837.5
1790.0
-1197.5
-975.0
-4685.0
122.5
4260.0
55.0
262.5
-3270.0
112.5
-812.5
187.5
4765.0
1615.0
-3112.5
2180.0
277.5
-2755.0
2345.0
652.5
-245.0
-342.5
-3632.5
192.5
3262.5
2582.5
2662.5
-1765.0
-1740.0
407.5
-1132.5
527.5
1087.5
1575.0
2850.0
2082.5
2285.0
-455.0
-957.5
-842.5
-880.0
1257.5
292.5
315.0
1152.5
-2092.5
-1617.5
1100.0
2705.0
1567.5
895.0
415.0
1745.0
-2540.0
-692.5
1115.0
5067.5
-60.0
-1167.5
625.0
2222.5
-855.0
140.0
5.0
-2725.0
2065.0
1820.0
5042.5
-1030.0
-2715.0
-677.5
-372.5
2055.0
-452.5
-485.0
-1960.0
2275.0
-2322.5
-2095.0
-1910.0
482.5
2665.0
4980.0
-860.0
-2310.0
1282.5
2950.0
1625.0
2465.0
1502.5
-500.0
3672.5
-62.5
1022.5
3760.0
-1447.5
-1167.5
-2422.5
2842.5
2750.0
2.5
4447.5
-3045.0
1367.5
382.5
-612.5
715.0
-922.5
3140.0
-115.0
2520.0
3882.5
2302.5
-1317.5
-1900.0
-4720.0
2252.5
795.0
1230.0
-4742.5
187.5
5022.5
1057.5
4775.0
-3120.0
752.5
-347.5
715.0
-550.0
697.5
-4685.0
860.0
-2272.5
637.5
2667.5
-4577.5
-7.5
-50.0
